128591865365385928748326532851925783651274018309326365723514716 1
128591865365385928748326532851925783651274018309326365723514716 20037
974175387537828126423658237491274912748326512842385635683265812891275892365823751247823582365862895423856238569238 872423
974175387537828126423658237491274912748326512842385635683265812891275892365823751247823582365862895423856238569238778 2247529
3039741753875378281264236582374912749127483265128423856356832658128912758923658237512478235823658628954238562385692385 12466316
1897417538753782812642365823749127491274832651284238563568326581289127589236582375124782358236586289542385623856923842 22190656
30197417538753782812642365823749127491274832651284238563568326581289127589236582375124782358236586289542385623856923806 28856
8974175387537828126423658237491274912748326512842385635683265812891275892365823751247823582365862895423856238569238942 9040556
22697417538753782812642365823749127491274832651284238563568326581289127589236582375124782358236586289542385623856923848 1926465
23809741753875378281264236582374912749127483265128423856356832658128912758923658237512478235823658628954238562385692385 2744643
6729741753875378281264236582374912749127483265128423856356832658128912758923658237512478235823658628954238562385692389 1589034
15359741753875378281264236582374912749127483265128423856356832658128912758923658237512478235823658628954238562385692380 2437043
31197417538753782812642365823749127491274832651284238563568326581289127589236582375124782358236586289542385623856923801 1500643
3597417538753782812642365823749127491274832651284238563568326581289127589236582375124782358236586289542385623856923848 2439343
97417538753782812642365823749127491274832651284238563568326581289127589236582375124782358236586289542385623856923812623 19629434
19959741753875378281264236582374912749127483265128423856356832658128912758923658237512478235823658628954238562385692384 2408444
11840974175387537828126423658237491274912748326512842385635683265812891275892365823751247823582365862895423856238569238 1875642
7376974175387537828126423658237491274912748326512842385635683265812891275892365823751247823582365862895423856238569238 49656
29741753875378281264236582374912749127483265128423856356832658128912758923658237512478235823658628954238562385692386308 1395531
32497417538753782812642365823749127491274832651284238563568326581289127589236582375124782358236586289542385623856923839 1694453
11974175387537828126423658237491274912748326512842385635683265812891275892365823751247823582365862895423856238569238323 2462653
29741753875378281264236582374912749127483265128423856356832658128912758923658237512478235823658628954238562385692381538 553756
2097417538753782812642365823749127491274832651284238563568326581289127589236582375124782358236586289542385623856923882 161184
99999999999999993878375297420947893248127091403753590735738652365286473653264236573457237462836482478236472365738562487124723748236489246237658236472547234769248623754723649826473264727361862437846354635427654635463546735467354672354621234567890987654321234567890987654321234567890987654321354632543920374238972365238496325769999 2147483647
99999999999999993878375297420947893248127091403753590735738652365286473653264236573457237462836482478236472365738562487124723748236489246237658236472547234769248623754723649826473264727361862437846354635427654635463546735467354672354621234567890987654321234567890987654321234567890987654321354632543920374238972365238496325769999 1234674658746538653856745637465328629647365386429836456645376575473642386754375735236286473654735837575375782573554763
99999999999999993878375297420947893248127091403753590735738652365286473653264236573457237462836482478236472365738562487124723748236489246237658236472547234769248623754723649826473264727361862437846354635427654635463546735467354672354621234567890987654321234567890987654321234567890987654321354632543920374238972365238496325769999 1234
999999999999999938783752974209478932481270914037535907357386523652864736532642365734572374628364824782364723657385624871247237482364892462376582364725472347692486237547236498264732647273618624378463546354276546354635467354673546723546212345678909876543212345678909876543212345678909876543213546325439203742389723652384963257699999999999999999999387837529742094789324812709140375359073573865236528647365326423657345723746283648247823647236573856248712472374823648924623765823647254723476924862375472364982647326472736186243784635463542765463546354673546735467235462354632543920374238972365238496325769999 2146574657365736547365473645736457364537654764576457657465736457465645765347483647