0.5
0.25
0.125
0.0625
0.15625
0.09375
0.054688
0.03125
0.017578
0.043945
0.026855
0.016113
0.009521
0.005554
0.013885
0.008545
0.005188
0.003113
0.001848
0.004621
0.002854
0.001744
0.001056
0.000633
0.001583
0.00098
0.000601
0.000366
0.000221
0.000553
0.000343
0.000211
0.000129
0.000078
0.000196
0.000121
0.000075
0.000046
0.000028
0.00007
0.000043
0.000027
0.000016
0.00001
0.000025
0.000016
0.00001
0.000006
0.000004
0.000009
0.000006
0.000004
0.000002
0.000001
0.000003
0.000002
0.000001
0.000001
0
0.000001
0.000001
0
0
0
0
0
0
0
0
0
